-9.13611 116.108 -43.1087
-7.38899 71.8973 -10.6285
-6.70138 63.0197 -7.70914
-2.58524 30.8959 28.7297
-3.49636 24.4126 26.7467
-2.76859 15.9496 18.0449
-2.10406 2.44131 23.7651
-2.66834 -4.37506 21.3525
-2.20213 -10.798 24.0716
-1.47311 -19.8688 22.3679
-0.500843 -27.1233 27.6459
2.5608 -44.9177 26.7728
-75.2279 0.885786 -78.1726
-83.9869 12.5816 -86.9405
-94.0759 9.07351 -99.2566
-91.493 -16.0862 -100.073
-75.232 -29.0508 -70.1194
-65.0189 54.4406 -36.5028
-73.0485 23.0616 -49.4606
-63.5852 -36.3171 -40.4905
-30.4316 64.0445 -13.089
-53.4492 41.9963 -23.066
-34.4034 34.6215 -8.46077
-21.7654 46.3259 -14.5627
-39.457 15.4757 -0.492822
-17.8563 15.6999 5.97622
-18.6491 20.5613 11.0645
-11.2512 18.3014 12.6716
-8.93335 23.958 23.7163
-7.03685 4.34926 22.7999
-26.1412 -12.337 10.0632
65.6916 10.1109 -81.1175
67.8099 17.2966 -86.073
76.8684 18.6449 -104.814
84.6844 -2.01425 -106.9
69.6492 -22.1409 -74.9793
54.7957 51.7586 -42.2617
62.3183 23.097 -49.8624
55.2397 -39.1467 -39.1088
22.3278 65.9565 -16.2434
11.2621 46.1422 -16.3604
40.7125 47.4405 -24.2819
25.2673 36.3028 -11.3649
32.7457 18.1525 -4.41731
11.8058 16.8449 4.81756
12.8772 20.0921 8.57445
5.59379 17.085 12.3864
1.74006 24.0124 23.5803
3.5435 4.168 22.6723
22.9609 -8.85652 10.3468
