-23.705360412597656 20.35320472717285 3.420370101928711
-6.710192680358887 69.494873046875 -9.860612869262695
-8.863142967224121 59.774452209472656 -7.106425762176514
-3.180629014968872 32.41632843017578 28.502012252807617
-4.024763584136963 23.509912490844727 26.062650680541992
-7.940815448760986 11.637712478637695 17.65713882446289
-3.2148163318634033 4.618728160858154 22.004213333129883
-0.013267500326037407 0.3856149911880493 22.593000411987305
-0.09155803173780441 -9.19059944152832 23.944564819335938
-2.153165817260742 -19.64859962463379 22.1821346282959
-0.9975374937057495 -31.064868927001953 29.363317489624023
-2.763164520263672 -48.198997497558594 23.063007354736328
-75.46572875976562 2.599470376968384 -80.23436737060547
-80.91897583007812 9.812432289123535 -85.36034393310547
-92.43083190917969 7.084141731262207 -102.2486801147461
-90.9893569946289 -10.134560585021973 -103.68170928955078
-71.96343994140625 -31.057188034057617 -72.90037536621094
-65.01255798339844 54.149837493896484 -36.36857986450195
-73.89545440673828 19.631126403808594 -52.1495361328125
-61.69118881225586 -42.44241714477539 -49.01252746582031
-28.281871795654297 63.23316192626953 -13.121686935424805
-53.296504974365234 43.248233795166016 -22.901079177856445
-36.48583984375 33.86317825317383 -8.537761688232422
-22.390886306762695 47.10231018066406 -15.362288475036621
-43.978206634521484 13.741271018981934 -2.646329641342163
-17.817014694213867 15.934575080871582 6.560654163360596
-18.48108673095703 21.890748977661133 10.737926483154297
-11.524518013000488 18.355003356933594 12.37519359588623
-10.048418045043945 24.952322006225586 23.433229446411133
-7.488949298858643 5.977663993835449 21.610483169555664
-24.97085189819336 -10.57512378692627 10.979157447814941
65.71211242675781 10.54477596282959 -82.01688385009766
66.41732788085938 15.827983856201172 -84.33500671386719
77.71246337890625 -7.955467700958252 -96.51188659667969
82.19564819335938 -1.0805480480194092 -108.8675765991211
62.1809196472168 -20.789966583251953 -75.82972717285156
53.30498504638672 53.443763732910156 -38.98692321777344
63.49352264404297 22.135421752929688 -55.282081604003906
25.27313995361328 -58.57075500488281 -14.644156455993652
17.06743049621582 63.9605827331543 -15.830648422241211
40.79289245605469 47.810420989990234 -24.254220962524414
26.445838928222656 38.67869567871094 -12.679291725158691
6.96690034866333 41.939090728759766 -9.906057357788086
32.855979919433594 16.738780975341797 -3.7959227561950684
12.344736099243164 18.695837020874023 5.129527568817139
10.650096893310547 22.59531021118164 13.754474639892578
6.550324440002441 20.64267349243164 11.687138557434082
-1.471727967262268 24.702329635620117 26.65668296813965
2.0730018615722656 5.026415824890137 22.395246505737305
22.90437889099121 -7.095465660095215 10.564699172973633
