-9.89680290222168 142.39837646484375 -161.38363647460938
-11.761319160461426 100.6556396484375 -127.90631103515625
-11.694572448730469 91.51683044433594 -125.12605285644531
-14.278951644897461 55.3262939453125 -88.70365905761719
-13.954583168029785 45.09912872314453 -92.69693756103516
-12.353764533996582 39.45825958251953 -100.9318618774414
-12.081392288208008 26.845869064331055 -96.32841491699219
-11.69913387298584 18.377410888671875 -98.29507446289062
-11.431295394897461 10.166186332702637 -93.52739715576172
-11.036152839660645 -0.08447129279375076 -96.8384017944336
-11.461882591247559 -13.624107360839844 -91.45479583740234
-10.108463287353516 -27.688325881958008 -98.7446060180664
-66.46405792236328 56.20670700073242 -149.5637664794922
-30.860279083251953 41.65357208251953 -116.32276153564453
-29.73014259338379 38.4581184387207 -114.74880981445312
4.243706703186035 51.34508514404297 -113.8356704711914
-29.73331069946289 67.33658599853516 -132.0988006591797
-64.84623718261719 79.02796936035156 -156.74668884277344
-74.67924499511719 54.20263671875 -176.4793701171875
-67.94580078125 -1.0902999639511108 -165.36599731445312
-33.891605377197266 97.21136474609375 -136.3705291748047
-55.931217193603516 75.25982666015625 -147.90830993652344
-44.4126091003418 62.36643981933594 -133.0242462158203
-24.866029739379883 75.75907135009766 -136.92466735839844
-52.20012283325195 48.64297866821289 -127.81172180175781
-27.0958194732666 41.1331672668457 -115.6241683959961
-27.124691009521484 47.61602783203125 -108.26161193847656
-21.210926055908203 42.65933609008789 -107.74716186523438
-19.066120147705078 47.33651351928711 -94.95125579833984
-17.878164291381836 28.339942932128906 -97.23868560791016
-35.343936920166016 13.434189796447754 -111.4161376953125
63.4747200012207 33.582374572753906 -186.74554443359375
32.537200927734375 63.952701568603516 -134.49200439453125
7.436870098114014 41.69240188598633 -113.4010009765625
-36.74449920654297 -36.97529983520508 -154.2220001220703
19.53145408630371 51.05900955200195 -119.57167053222656
46.27008819580078 88.09156799316406 -148.7645721435547
62.181243896484375 54.67257308959961 -168.5185546875
51.13369369506836 -6.680552959442139 -161.59884643554688
11.786978721618652 96.9951400756836 -133.71827697753906
35.592933654785156 75.57260131835938 -141.5101318359375
23.873767852783203 57.872196197509766 -126.3561782836914
3.845954656600952 74.92041778564453 -133.30902099609375
29.443925857543945 42.691810607910156 -117.85602569580078
4.293059349060059 41.467994689941406 -111.83576965332031
4.501210689544678 46.82977294921875 -105.96309661865234
-2.8156843185424805 41.88321304321289 -105.24275207519531
-8.807917594909668 47.060970306396484 -93.22718811035156
-6.40141487121582 28.269187927246094 -96.81660461425781
13.39208984375 13.196022987365723 -108.15985870361328
